0  1
14  0.0426948
28  0.000744391
42  0.000737375
56  0.000730373
70  0.000723385
84  0.000716411
98  0.000709453
112  0.00070251
126  0.000695585
140  0.000688677
154  0.000681788
168  0.000674917
182  0.000668066
196  0.000661236
210  0.000654426
224  0.000647638
238  0.000640872
252  0.000634129
266  0.00062741
280  0.000620714
294  0.000614044
308  0.000607398
322  0.000600778
336  0.000594185
350  0.000587618
364  0.000581078
378  0.000574567
392  0.000568084
406  0.000561629
420  0.000555204
434  0.000548808
448  0.000542443
462  0.000536108
476  0.000529805
490  0.000523532
504  0.000517292
518  0.000511084
532  0.000504908
546  0.000498766
560  0.000492657
574  0.000486581
588  0.00048054
602  0.000474532
616  0.00046856
630  0.000462622
644  0.00045672
658  0.000450853
672  0.000445022
686  0.000439227
700  0.000433468
714  0.000427746
728  0.000422061
742  0.000416412
756  0.000410801
770  0.000405228
784  0.000399692
798  0.000394193
812  0.000388733
826  0.000383311
840  0.000377928
854  0.000372582
868  0.000367276
882  0.000362008
896  0.000356779
910  0.000351589
924  0.000346438
938  0.000341326
952  0.000336254
966  0.000331221
980  0.000326227
994  0.000321273
1008  0.000316359
1022  0.000311484
1036  0.00030665
1050  0.000301854
1064  0.000297099
1078  0.000292383
1092  0.000287708
1106  0.000283072
1120  0.000278476
1134  0.000273919
1148  0.000269403
1162  0.000264927
1176  0.00026049
1190  0.000256093
1204  0.000251736
1218  0.000247419
1232  0.000243141
1246  0.000238903
1260  0.000234705
1274  0.000134625
1288  8.01892e-07
