0  1
14  0.0538424
28  0.00227897
42  0.00208975
56  0.00193425
70  0.00179821
84  0.00167765
98  0.00157482
112  0.00148131
126  0.00139656
140  0.00131959
154  0.00124906
168  0.00118413
182  0.00112577
196  0.00107222
210  0.00102284
224  0.00097726
238  0.000935129
252  0.000896029
266  0.000860126
280  0.000826682
294  0.000792773
308  0.00076261
322  0.00073766
336  0.000714058
350  0.000694214
364  0.000680902
378  0.000667093
392  0.000649793
406  0.000618294
420  0.000528327
434  0.000494268
448  0.000493879
462  0.00042566
476  0.000353779
490  0.000307559
504  0.000297652
518  0.000295471
532  0.000293862
546  0.000292702
560  0.000291886
574  0.000291321
588  0.000291331
602  0.000293637
616  0.000289628
630  0.000144101
644  0.00028085
658  0.000231794
672  0.000142616
686  0.000324395
700  0.000319805
714  0.000315221
728  0.00031063
742  0.000305979
756  0.000301194
770  0.000296139
784  0.000282287
798  0.000276713
812  0.000273487
826  0.000267392
840  0.000260734
854  0.000252583
868  0.000241556
882  0.000231736
896  0.000220816
910  0.000208447
924  0.000194585
938  0.00017918
952  0.00016232
966  0.000145782
980  0.000131404
994  0.000119418
1008  2.48136e-05
